$ANSIBLE_VAULT;1.1;AES256
34616535663162393636333036386539623763383034636165363963643336343936646266303835
3763353862663162626532633633646464616133353738330a333866346538386637336361313833
36663631636439333036376431616463356434373039393965313265653562646635393562306633
3334306238653564330a613437663664346362303632663532313336313862383730316564313530
65316365643962356635656265343139363663643535653565323261636330393339636266626630
64353737363034356233616433643037646464626438653237343639653665353734663265633137
35336161373532373761633933356164343963653439653033353961646339613632633738393733
38343534343663336261613462316561386133663561633962616533323230653831653437656136
30626439633264346531353665626533666165643135323365313462383138383861386636646537
66323131636434633664373033646133646361663938393762613235306233623532353031326464
63666634666533356435336465396464653337633431373861336630373437646335613433313632
65303931386435303234323937396565343962653931373763376362396334623862356130306635
33623431643431616666366163613266633864613936643465653432623435303738363435626231
30623061336135333366616461663234393232303366656261313132323535653865316637396537
35613431666234306566336332396165333439363961323133346537623535336139636631356633
34366539383863383732323766333737386237616530363432393062336563306463333538333831
35363534383732353837633939633436363837386531336465626134613061663435343838613733
33316261356434373733393935393831343361346433653035643932316234383362343738633235
33323662313364646337393765633463383538303131646438366637373036656336383965663764
38636230613632356331333532623863353432303331353439343365623663326236313938326537
38623634623335363438373561393765376236336131353131323561653536626566643232353339
62636137373032666661376463626134343463366133343639626637303664323932613561393566
64353662666430333763313036366266373931626132386565366331616665326636616563613630
39306265613963303465376339643664373930616564633031353037323365306561393933333130
35356364366331346634386666376537353037363538393231623138646233623834393263653139
62383361346437343163303162663063303561393937653564633938653762376466363366363633
663337346262373831333565653039643039
