$ANSIBLE_VAULT;1.1;AES256
31366432383136333532633430353362643839313665323534653338346438343436643231616638
6136313662346665373436373137373665663531376662300a663332393635653738353133376635
64646437343132613239633138323266656538396661626130323364613330623033643533383061
3063623761356366370a323164376135373664633035333433346233346461363265393362323932
62623234323432616135656237643635373563613464656637363665663937633732656338333036
66636666313232613864353139303338643764306436303630373762376632373565343935313931
35366132383733383137666565616362653232353264383566623137373432306537306562393932
30353965373064643864356633386461656435326532356131613132663134366266333832643739
34343237373834646461353631303735376334326638643731643538653234626361626238363339
65313362366132346630653761626663356430306338623233303864393063333365353332366238
31386661633866343137393161613561616130343637623036306636383832333661316461613062
33336361363565616461336236343164393436666662303664313037353831386236323135653838
61386332636563366662313138663234323464333364336436333263336437306566383538356239
64663235373238613465343562313731376466303936363233376230303736306535376433663564
61383838373465376533373537613638393764616462663533376630376331653539333032616234
35303361396239323134653432633431386264666437616137386431643330643065353563323336
64323633313131353030663132316565346231346233303165656633623736663232326536666232
32613665663639633635386462343762393664623932646439626266353563353462653662666333
66386564366431323366326462643961333562363633666437613864323730393036373139343864
38363635323532663532353161336338313133613135366266313633636333353161636535643337
33643938336239613266626637643030363231633566383439366633353531333464663166396130
30653435363437373031393836393433333334643563336263313961373931613663626430333233
61633935623935623731333937633834653463363630633162626265616231333564623933663664
39326339376431633738343437353538343537323865343561343936393534336534646238343831
37323634623661366266646438363534626334316336303732613161663934666362323534653339
38646464646133363235313962653833653434613465336331653235666566633364643866643131
35623461306336303437643030623466393065656366326264336662376362663065643531316638
64376233353639333130616166646461313630343261326161376532343437636666356530663465
66323733373033636535333861363130383436323036666665643635363037356338353930626662
62663431623066643964653266373339613963353564396334633037386537393664303061383463
39383935363532326661363261376634646638616135323835326530353864326335306665326464
37336533316637313536623564373666653038653837373433393339346164386636623431363665
36303039393735633863613236396139616339396561616639366633323834356138363030393138
62633563393737313435393565633539326533343861303465306362353063303765396664393661
39613861313066643965333939316133346332396138303634623365336533643564393532313161
61653738626466393139633366336335633930333835623331626366623164636362346466363434
32313065653264396162363438616666383938333361336137333131383964346466663961393435
61303461616566346164383535336435626136613839373032633136613432643834383336623166
64363931653233613866623833393836396437643632633935363030323965303763373938643836
35353830333531373136363634373366333739636531353662353736303634646462376164323064
65366538346638626365386334643263373239336362396138656634336337363032313365646662
64313566616665303136383835656562363763646434356230326633313265613930323336313030
34333732656262653635613437303938303564643861373034393233306664343430646566333466
66663166333037633366643338323539353564393764386164626463643231356662656337653538
32326231373762306663363532343331303539613733383536303235353732393830616266646134
33643139356433393139663161353435383038666639626639396131343532643461613364646363
30366563626461616564636530313338663830613037376435313237376331353735616137323263
64313837343234616233346137303532336434343638613939623438313533666663386463663563
37363332643266653339663962313037393633373465643539613161646566313139646338323731
62333337653264646330633864363663303434336465353039326631613962383033353966393939
33616538363133656636306663316435393466383732643535376339343465356433643563393638
63643830353365303036613766353538363265376161636163646133326439313961623666303737
65336362643862613331386336373034333266396163303966363233333464633136343235663662
62383061393164323265333439633163333463356664666161636562386166363534313163323764
61396661396366393361616664316466646564353262623162363235366462633537643961303263
64383966376432313364653138323561633634323437643833633966306235366638393331363965
65666635343433336630326462363637373766313061653035626531326662353530643935323065
61303832353065656265313938346336623565663631353537386339633866656537636237653431
36323933663231326264333737613034373666343436623962353162323561663164303835353136
33663537396636393161336136383334373436376565393064653833386538326130376266646239
61353836636633666639373230646337303937313864633134313365396135616137626530626630
64333434613931303666633733396130353437386539656538313630646662633531336335306635
65643365663033646339633233386366376163663936396138373961393039366633323032396639
31663239353634646134336534396138646566396338353538623666333864396261626463663335
62613935363630353839633830343930616131333933346363616266613765306131633935376565
36653431313064353134616536303961656263633837353434303964363766326262373061666563
32343631383663356133396137373866623964316438623964333031306335653462313766353935
65623934316362346462393831666637356235353663643737353166613830396434633865633434
38313564306131376530303466393631313439393838653761646130363164366437366537616263
61666563646661333066326132326538613136333466396132616239323538663230363663306639
38386366353266383836643033643862376639363434633839623462386662373662613233653961
38626263303963316464623334373865343834326261336330653633363231643837363038306438
38616466316565653734393865316230666636633030343631633630633738393135616235323638
66633132396233343162666365326161343461353638373238323633613234303432393537633065
39623138623132616331386238633966396635346466633162386162613235636638643562376431
37666339346136313330356339323637613038373362316138396161363265346361346366356633
62666565303764373039373164653434616236623939376639333038303833643131346232313234
62663733663066363239386339633931626434313430626236396462326362313933393330623534
30616563376331663934353464643565363037336139616330363630343630653737373234656133
66336533333865303039613535636263376363333334366266383265353264306565336334353334
37343033396333623339373030646136326564383466666265613261616466616533313837346465
36636639653732306632356161366163353235376538623430343437373032383937323436306538
32363838623638636439333838396439326261656130633063623036373263363935623963356465
65633334663932303633386462616537616462363430623864383635616430313530613936306339
66336232623331343062353133373433626139623464393961343038373964363639666662343030
37616562613163643039366365336363643662626565666130393261396330343434343138343863
30393938316136386135633131633934626537393631353035636463333363316464656466643635
38643430653131306434653065336438613166303861393362373138336135653863323462343531
34656130363639613039643764353266636534356663313962376138313864633838383036353063
30383761613837623136636432313237633233633332363765373831313065316465616533636363
63323431336464303534656366653339613135653130333635636339343564333835373766323732
64333634396365383466343334653162663835353234323939333236316163333531656261363438
63336235613431336334353539303238653564613132363839373265653034376365653062356637
36663565376435653230346132306662316436363735643830663738326439626236333032336132
35646161303638383834613233623232656265646437323063396161323866653037646263396264
30653437363462323563353466663139353137636231313436646266306430633132333064626437
62663236326238333337633664393936633730396561343634383164653432326330666165316639
36646230663764393865643265656535343061633562313834333066626537616537633564393731
36363266343033393537353132663361343137323030383037383531396435303136663661303961
63303165323961653738663363333766303736306535613434363234656339643730363139643464
62363362626135666330623866343462643530323566663133386635663030613562626235643061
34343862366261356339623035623036613832343033373835336233316164333961346263656334
33316165343964393462386130346563633166386130386562306138663338373964373765613036
38336339373836643463623361326261303637613431616264653630316261613936346561343634
30323031373338383866613837373934666164363531623936323564643431616233646138653262
34653462336161313764316536376165656539653338613164316661353835313336303761363662
34323566663535313635396466373639613530323033376137363831353031656536343235333863
38346630633134303039333964346363323937326361386236386330663163623865653939636436
36393236636435666136353161396237663166663335663636343136383735666366663239643631
61626161326261326362646135353838356161323266383130326234333736383437383961303738
35616132353836386133393539326338373330386265656461636436396163353662383263666235
66353264373665306533333535303162386636346165666265356565396338323332393135353831
38663866326231333465396335386363336530613537396533323436653736383835393066383730
63326336643063306532303739363932326631323765333530313533386335343266316630346136
33613366396433313136326662323938376137373235363132323364353534396462346639643637
39343934373938666261353131393165376132376661633765353666376661363232353231646232
36643665666234653338383732356565636166653130396330356165656535613637366135343862
61663236306435316236323435616237353235643434626364396139656236366137313739313330
64353161303365383462363035653331666332653664393965346330633662653436353263653436
38633761636531353631323662376232393932323364323836646531333433373135383139633761
62323138303830616164383163663935646136346662353939633738326635323830316236643865
61353534623862343837313937613938326162643435376135393661306431363861376337313736
61666136653462376139393437313438316233306231383136393634336464383961616535623132
36313063663466636636623532303039336132616335643436306566326336356439623665323136
33636534343835613939363532653739306536303534323163613363363636623038633435313061
37633538326664666234396338663737363733633739336262353234303861623662373739643462
31663661366238613431393838373535613566653462393965666234363461646137623338306632
30636162336634633766636661303631343262313563396562336533383437383862373230646266
64323631666461666131643834383166363438366464643531316630303365633137643761316361
37353964356664366662383062346233346431353032623232373131353365353964323030333433
36393432366132326464376133303239663062646161306232663061346632366364393464343336
61613532623731643433333335383264633365356431646630393435346662396461373439383166
66383234656462303338306339396264363266343730303633366435643836346530663137366161
34386531356461393836346465396364663465653062316163393766353938666439356435313535
66333766356662363836616639366436336264303063383861396561323733333961313437356135
66373636376536356563633361376366303331353635393837616161363831386263396133643630
34663537323533656466333230613361393032313766613066356233343238306161623265386361
35386561383030336439626636373934633138363763646436646165623564623436323164386539
38303137343934316266623038343064316566366631363734613761363835623038323462663732
61363637333066383538343739323865613562623361623765383334643963333261316133373633
61666338633434353966313230373161623137303538316364343533343132336137623161363165
64653034316535323661623535383261323535613139663661393662313031623766636265623335
35323332376362396232633432373833646538383061386235626439373762343366643137363862
39623632623935313261313066663033303433333837326436666461656339303937353734663538
37643963376265343139613834336537343331613262646338613431636337646137376162396237
38303661613138636236343432396266653830373034333937643363653233643162373961646633
66613665343564626364363230633661336232613139663562303964323961363865356564343336
31666537636437663866363430393837613330393564663037376661343937636536343035343935
32663564346339666338343437616436633432616265346635353333326463346532356235656639
65373238386565326139383134363463333636663730613737396638323034623038613562333033
33663766373632623039623433623264666462333636383261626338626231623739663764666333
33343137386232373735333434336233323765633964396532613462373036666565376565386663
64306563396365346633623536336365373230363864626562643664666536623363393139356132
65313636663762393364353066656465356132636334656131336438386234313734373964636330
63366534313338323238613037376265353238363566303435303233616632393837396232376234
64346238366361346363353363343634303136643861653238616362373861393765633965376266
31656230656632383766663232373438636230303962366539336333313364653335353638353563
39323865313765666134303133663533623462633838326536626262663562636631623364643165
62663930383839663563613335343466316139633537376331386161373738353234326439366637
66663331633034383031366634346133353139363134386436656636656639626562356164613136
38356264613534666264376165343966356330613565313366393135346138396632636462653439
37633637383461383866333836653239323737636434306639646463343134623538396135613461
37633136343338643339306563633964326666383763663366633731626361383030336131333038
36343664666435313931306136353338613435623137646131383635326134643036646534616630
30323133326533336438373239373537643964666562326434376261306438353439353363366136
32366536393031393337393733613032363863643837383133636336383930303731616530356431
38353061383930326238623639353231396638396537616337666431393739366362386536656461
62313432323661643138613564643039343463363063303439373337666464653837383239356564
38303132366332393231326537623430323764303165336133316264666138383830343361376639
34613031626633333563363765343432343166663434633136626363393661663033653133656161
66303233353937363539366430333337623532653532383835643363343239666137356536636266
61386334363132303565376337336462393736653633623335306539646165306466386636333538
30323937643865616436393766633961343135343935656462303066616661303130653436336334
66663837633066393362353235356236353439303137386363343733353638316166336131323364
63313061636562653634313036663134666530396362616130353631643133343766643736366365
30333435393232343238396135333766613863633062366134633339356266653535623963343465
33633261623264343465376133323233333930356135313439326364336636396330613366663864
31653735313239333234626233323139313933363530303530373838373036323765396138396138
36653965663731326166393862376536313866353061626466613965323164623731366533346265
31363630626233653632633661306535623939336431613962313039323537376430353030333161
35623237356438393864353965323364343366633065653736333062633330653639376530343361
63323666316139316330353461353736313535646364353033636165373831623436353436316533
34376265616439623162623737353539303063306665323532326163366634663730343761663163
35376164643766313832393638666138616639653033363832643939323565373062323964626362
39366530656332396463346235643430346132333031346436373362616533623438336666396463
37386635366239313239636530373935633338396533356639366239623461316165356536343536
39303666653737656361636431623833613936373336386563323739336636643461396333633862
66396435306131373363336132336366346164636661373663343762333035356139373936363437
65333864393161363137666138343366613463383363663838633236323332353731636161343533
32653566333134376136356335653834626431616235636430613266356139373061303866303766
30316533303032306134316434653132366663393963653832616662333033633635353366643335
65656635656238333061363732313364353232323264656564343066616432636162353935323132
63326265396163643735653539326431636335353039336138393735623734353861646261343537
62316637623035666135663435363862373563333730643830613362633936356466343865333966
31633264633230353638366463616465643861333835346365353531386330326531366631323335
64653763613666316135343339653131653161376235613430363532356338666230373763376238
31653564386433373362663635663863636162363333363130643034653230333234336461363565
61663634656162363931663731323631333934363030376339366536376364323335316466633132
38346632636566653831333465353865396633313035366266336639376563656466626238653762
31363036333439626635343837323838646432646366373638373663323135643262666234363131
64326230333937383266666639343832636633343333373139653636323930376238653561366261
65303363663965613631343035633662663532626564323464623766343463303531366265656234
33323036646363303265346139356139643663306165633230386565616638633034336262633637
33386531373531643935393136313330363633653666653033376461316438646264653333636435
38643565356163656264343534363436363236323932343030326231326135306237656636616536
34633237636337393265653964363663613532633064313434343463663066343136653938333439
33616331303265343065653639353763313563346265386530363661616561316263353532366233
66393530356432636562653161313432616361346134306338663665303130343362656136343934
30653538386462326565343664656564373763366338313130333432656335316435663337613832
63373234613462373464643937396130346334633932336331336436636134643838396237343231
65646133373764333634353339306266353230386136333932333563623938396432636333316636
63623838633336353039663035343736343062616265646635633264316231643465396363373930
39333566313933363938306630366436353663333362303635333766653362333537333435333133
36643765376132383237656464373264323137663364336233663364383830313665393566346239
30373465366363653566383761663031383130633963373966376366666134323762666638346532
64636462643634616266323665313734636538663439643937386265666233336164343564633466
32383938646337613161656664346663323434643835623034393266353839393632616537633862
35316462363334353032386534653432303639303733633732383164303038333937363733343032
34346136393837386336306166366536313634363534333737373239633561353461326334666562
37356365663463316566353432623662343363616237663166396137383539353432376366363337
65313235366361656535613935376163386435353035326235623332383362333136323363383833
36623934353561656133363465316232636630313465613938643266353636323535613433323363
61373339303137303037363436363133323538343163303439373431326161636136323432353135
62363032396665656635646566333533316630316666616338393165376531613437356366613763
32323132333131393431323037333861343332353439303234353432323864313165303465623237
35383433336331383362396465636264373630666361333566626130343661336231336535303665
61316635316232326261643137336662373230666335343763306132303235313165666130666334
32616466306562343439343766336537376431313937663531343766303436663535333439623539
37303938376362303135613463636565313664663836323864386430643766633064653133663062
64636538363239666637626566646233333838656365396535643835313039666630643338353062
32383063613962356635343664316538653731633665656237353765383331333236363535353665
62643033633237303834663337393062346535383230313864363565323063393531633433653931
36303130323039666339643438643936666434626163383039616539313338653238633433636165
63313638653636653136653731663366613630363638636131306336343732343962376134613263
39396230396262376366386163643431383234616335346233643733383361656331656336616265
35313133393362306164386436383662393762626637613233633733623730356364613933316163
34636532626534373061396636616464326664356630326361343636333764383765363961663034
62613761313161323639643565393464353637313764613536383138633631343561623137346131
66666337636330303234346564326261666262363836616166383335633431303730663463386636
39306339663039613461323064616330656661343232386362623935343836323031663432343661
64663336303232343736616130643037303962313032383963663335613261643166666433656632
34666562393666663831323763313532363461393838333861376539333237373234666465383165
63646536613531313439623561663836636131313364653362633665323266336661323763383335
32386533303965613163393137623836353233363366643138363034356332633039343431626565
61626536633631303833643364316538666362633266346136393666393233616238633762386162
65333034373264623561633539373361393938396136383166653133363932393136363738656338
38346434356138383031356130633439643033323632633265623337396261313936353436646466
36393539346261373032326164326163646434363232623639386133613331383031653538386663
31626361653866333733306135646162373730376232386164303538383530336566363664343831
30323235326632363962656465303539646233613238656265323666356661383461623961393332
32373237666466393139303039666238356130396431646636373737346230376339323764373137
33346134656164353163326134646230653466666463623335383263373632636634633463376565
39303463633637626565343233613564303065396333663962363339643932653864373731623231
35376539646632396432616430623266666231383930393737383161323362643435623538396132
33366335363832383438666361623666323437643032316331646366623264366335616630303639
65646564353666376636366265323230613138303738366535306466346266386336383333323263
66346662366363323562393935613738623333646434326364643234393765643265323036613763
39306531356530656135396234623336623962343531323933383163633933343164633630623266
30383630313266393132656464306638383365306630623066353531613766323235393866366333
30333164633666633064323964623330356635653934313039646534656464346665333737326261
34333834346332303464636134663131346264316566353937363862383461666131336164353537
63666438626264646564346332643739616365663364323136306435313436626639363964383131
64626561373065633631343161666166613065303462383630393061366163373863303135333730
34303635666335333965313565353138316235366666633566316235616563396361363635643736
30386537366433316333346561383137613030376435353630383039323161333539363638343961
61326665303230633133666464383234643538363136303637613365623236333262353539313963
61373766323535646665613035323435333465323639653230663937343361373039363366306362
66343239653965306365373534313435636630393936313931666436343039313632393733303664
32663166633738333566323531656637636533326636623933656632616239303061653264663937
37376366366534356362666464306237366330323261653962646432613833396336636338626561
38656535353337343164383465396661306162376131343439343463386463313636336166373937
39356231666665363230323561646363383536386633656538626161313030303333303730313837
35636365663436303437613834623466623138663233383165636235666263343335653136383439
34333565323138616235313936373332613865323439613135333536363834646331623133313962
35306131393532343463313738376438333864353731353465366134376433336131623136353463
32623762643532623039663564616636356563313764663633613634346465316435363237346366
39346462396564613235313266326430366234343838623138346139343366323330353036303938
38333335306162393338653566303132333564326234303766373035386230666364633739383661
66386661343363623436366266616163363532303965316464343766343539373931393262366631
37626330623639623463306562303432366637303132356661663737653532376661323432316164
63333733316666663330373834353261346163623561633736656361326639626465313135333036
35663262643538653362653364636262346637303263356636316461323764356632373466333663
34613731363666316665393636613135396133303035633461653633633364323038666638623962
61353138643030616433363039623133393738646265643664356234666236333433366233363036
32646264373032613933333939656637663865386435633439666230313833323031623439666662
62316134643033656462623834306331306466353462313336323333316233373762336331333437
66323536613231613032336636383232393939623639366636326533613733666366303466633634
65646331393233373438303336313763393163656333363965363365646565363733333238333338
38393662623164386464353934633861373966623939363837383062623230326163616535613366
39373963303965343036626136613439333835663466643663626630626634353364393561646430
33336365336434383138363236323564623263366131663231363932643930666139346362303233
66313134306164383439373961643333616133393039316231333835656138656430633235323937
65323362373530386232653364393637666661653935653530613537656164366463333535346136
30363933333334383234616663373538636466396461306639326236326431393137336164393337
33353636663630383866643062393761353432633831356331653838313736363663376363346337
66396533623061656265353033616234663661653839326332373065363266383135613832616430
65643864373036663166626132373939383961373366663639326631656530393061373937646635
64623631343439613066616661393235613137383464626534396266613835303137386634393736
32343366633533393738353661653536633231653137303835383664373637313135363062623863
35313839386566663430303464346534346465626632346532386230386663623233356266633937
65366364663761333162396431356361306538666439306638343337636665623262356237643462
61373462306566613031366561626632306266616161366165346561336464656135633530623239
62323530386566303538323363343131346561323765346336373230303537316266363232613962
64383533343736623439326134373664663137623831316432653864353466326566356535643466
61306236316434653835316335653637623738616139323338303335306335366636396634326234
31336437323862313462326433326533336534326364653866643839353034313064326630313134
38323632653130613565326130376462376162636530643538333131343836633336363137633837
63343165343864363234326131303631393965353937353733316339663763616331363464356639
66353632326165623366303764316231393939393162393234346432616534373763636231343237
38303661623431353537353735323634366566356565633232306562626331376666303231303036
38326539626131323661333839366533396234616131646435376564356662666361653035396530
63373430303031303865343730303539653039653336373465653437646461663135383836656630
65636533393930393732643932333234373966346438653237333163316334616538616431353261
37663137396638393931333665323666346465656233383835346565666636343833316462626136
31636138393139393834393766633461393831633038336232313864306664313566396630666432
31373336623966383161393066313664366630393961613130656237303065376336376637323238
34343937363962663264646338663931336332626530336339313230313435643766373566323864
38366335613362653231643066663764616439323436366536323438616261396434613834363363
62333162636536366463346233303739306166653965623337333064383232353966643535353961
63376563353937366638313935313563366537316366613332613366356162623038333839663631
31626130333134666665386634326161323863633038616463336135373032346639646230336464
35336161373735366639373431636362353162616436323436623339623631343631303335356631
36323163623661303565356463613837396635333637326434316331353734653639333766653337
31306131313437363235386533393935643232656331383537356130353134373231616234313331
31613764303132343038663464313033383838666430326638346630373066303239366232316435
33323564626631666364353265386438626235323337306466393162373264363161313538373462
38646336326164633234633535346465613536626431303532376438313235666238353937343363
65343539626336633365333939313136333532376466316462336332386335373661313066626338
31386136646437643834663966336633366261653836643436393335373039643934653830623738
38376166386438343331313064613139666135613966326230633837323462383737633733326439
63386661326362353734393036333662336532376631333736616531616365653234383635383166
39333838306362343335326536353935313163363136393539386437393739353361343834393733
33363565613361633766656661363961643564626631666662666364613437633534313937343963
33363834366235353264386430313338666165373239306333653265393639653638653132346133
31363063393762636162346539663966633838623066626239643166613561653036343633653838
30346139336334643532306264353939326636373030323730363432366161393830306461356432
30346137303834323532303862393933336563363834376431643033383964323139636464343462
64316437396333623266306231343839393731616163656532636366663565636461373431656632
34346236373366363536333163336639343433323861386235376162333338386630396662663938
66336666316636393035386563656365653031353666393232666536373030323636306239353739
37326665373237306639333734356633343361623636386266326630396162306333323061343237
66613535306365313134343437613734383532313436663961396639323433633432343138336230
31373562316262396432636638396664376139346631323539613537636135623031323536343230
30313166326264376162386238616463316535643838323732623665633561366132316631363032
39623538333235336530633337343439373765376435396431396339623066653030663761363430
37353733636662663032336336316236343535626534663235656337373035396633313331323332
66663336353438636464323437326339613966613765356537306231373134386633383137643234
31383138633533653963383235353535343133383665373161373731363833636439393063356363
64653765656636316261323134643362663639663933373664636432653935356166373833393132
36373135663965663332313535376661666465386131373630653633396665373766396333613431
37396365396232663738623230633830663962666530356666656664646534366336613863353336
37303264313837333639346639646565653931316434313435343961666336386666623065616637
61383263336436386633613037656363613239363236343631383737623432356263363066356264
35376237313561393032626234376262343362383235373963643262306663646265336330313561
36646333376630316161643932613838623034623765623337313265303436363565363161376336
65386432386133323533633863323239616266636436303465643332393062643363646565393735
34646438643835653039396465636266356330623166313237383739346166626133313161613761
32643031393365616361383537623336613864626331313363616663373632346265633165366563
31313531626536646261363961663935303762313134666336356665393638626566383134383137
32323632366564613564613563306538383162613162373466663466613965653765373634653163
34623733643835613733666632396530633139396633373465643266336530633836663964323038
39643931663965623765616234373966373065656266323865383238363635643661336338633863
32306361363135373830326435656638643335323464396464363832396663353936316333316335
62373366333666326665336162316163643166346561373462386535346461396464626665323264
31636464653334373463333865656265343338306661346436636138316234643436366461353339
30363662303932643631363364663839333833303031343335373166393937373636386135353837
36353333356361323833386163386136393364653565363330613464353739373361666630616632
31623061386631396234356361646239326565613738316461626561326562306564376364303637
38396432376662396237366233653664643336323163323430653530303334613061303963356533
30353233376363666539303331653839643038346132336163306531633931323030656131303765
34643130653334656165333461326439386361366330303163383861326539353563393335373161
38303865363665373764303330363636393835623766313430623331353934376431323364353964
32356236386337633731666431356536633965626335306631396439646335636166366165626533
63376431353962623730353131363364346130336136306134383762303237333834623436346539
62386230643533316665333437303565393862616164656232623163656634323538373537333738
66616634666533643538613032343132346338306361306233333865613536653538323265316438
66653437343431633635313166383633663937343734343763336632656639306531396664353366
36396164663538376137313338396463396131656530653531623639643864643036646533326139
65366463643938396536383364636163303964656265653265373739633665376266313939366265
32653866386535653061626235356566343839316566333462356532623934663633396465616531
32343738633839363534613332373262393438313534353437393339316338653937336331323165
33393862346632313437323065376462646237396161323236306566653135626462306331356135
39653931346132623366653262343764653231616633396364393338323962663733306232323666
39363336613364613534666438363664316431666236343739373862343238623633643130366231
38626561346362303532303836633065626330336466326337643533623162666430313732383434
65373239356433306538633535666531626563333032333136343937373565333036626564646538
35643534353336613632353534386362646630313335326565343832636166333634666439653135
30393235373566636539643863663335633135633364636235323230636632316235383062363038
33323130663636383533613562653234633037313237613338666162623565613764616139663362
32376565633836373731313333336137323735643339393937306138373865613232313066396335
66666666656431393833616539383465656261656633326531636330313531323261636336633532
31373037636635353132343063343762313132616233653833623530626633366362663633356662
63666363613766343966646137333930636332333732663062366335636361636135376137633131
30666432333336323031356531646661343034323832656636323732336331633335616338666161
66626361323362353034303931313066313535303135376265653832373534343432343764623237
33386462313632626262393961313630303835613635643865316361366233663662393037636432
37316364393431383761323731633735366339363666346163303466363235333465343538336464
32653264633437383362336266623138313663356531653832343033396662646535666462653463
38663433666466376333363035656339373666633134643736366265626438376531653837656336
62383437383237386537306162326634316662326261363862626666626338393962623963336435
38323932656136373966346435336138346232643364643338663064636434363563373966383034
31346234663335613561633561323232643637336435323566646339353161303736306439623961
62343136643364623531383962633836643834623137323163656233316562383730333139313031
31636236616164303562333033386234356564363965656234643739636161643664646164393362
30316336386264306264383334386436333039316238336134303036333030616461326637363231
33393061636438633561336432313165316637663731623132323330313966383834643863346662
63643763643434396139656632343536363131376339653633386661656430643034643063373965
64636361333531373531393338633963346438333665646134666365623636343531633563623466
37616334643766313532313132373464636639396163396265623735316135303738633362326139
66646364313731373039343861346464393636313933613563333065366663383338336530313237
37313064663233383538363334376335373234303361313461366235636461326165663239303862
61346266663765623337373238333330643332333735323731666463376463396438316662376536
36643737393566666234643633646332666362363763326161373331373433373933383238633162
39333962646664653435623361363363356431623263646262623763623232636437343264356132
34636234313031336461316332373036653262616363306462373439336235323033363733623834
35323066623734653538343433643933396366646335666335633833303432333036383661353866
66383739353334313134353765663462323136663964366264363563313131333236393365366437
36633562366633353561393761386539626265336465653839326237376439626532326664653336
39386663653834663865626639313234613132653864323535646533323035363535316239373863
62396136336131333333366636613737383134383332663532653961613662653163626262636333
61353762613166373765376261363331393130353436333862333138366663343061626462303636
33663765646161626137313735306439643364633766666131393731636239333561343131623938
32636631393961373262646266316536363165663963383631646230383866643232653430633064
37646631626465356433353235376436323830393466333331386263623237343463613461303931
37666466356239323034626133383861356162303763353533656338356339313732393161303939
65393264373636386333316233356266353966383764653330643338303336653664366134323439
32653335653637386532323930353663326566353232626531393864646365393435393638386361
30383763343462323766666235316633343065353534323464356239363433353864363934336631
34643439396431316635623431626234656439643230656638663730653831613062326435373361
34393635316235336231306165363463373338663737646464353636373734323161626164613934
65303039376263353637656666363162363665666164643435393465393438386666313466613961
35666661656535353262613963663564373034316665623037343264393662393834633431663933
30663963376136303462613563663730653666616138616265346431643230386239613532393133
30363135386231373235363563636162313339623666646330613836656137636133346464353637
64386563663231333632366634376266323438343635616639393338306235383864353863316537
62343166666366326635343730643234663261333135363435616133376265356335393163386263
65346236646331646138666561613939313939633433333366346339333730636438626533343136
33626136663566336166656636646332633361323036373262656430303034303761323161663936
38363962366263336363366535623135333863383463383531326138396331303730326261306365
63616638626566646464306233326161353661663234373839333238653662666630656131393636
33326333613139643932313435643130623261333137626333393338373964633735643933346436
39333161386635356336346461616635353335366163366130373564633261386538333266653136
62613733643364346163386237636538383665646233616336623131363337336563636336353531
38373061633531643666386230306231366362393365623630663965353131366266316630373035
63353331323763336364353733313038333936343731366639333632306564666362386462393131
61396230613631626433336338653635616663666363393162393230646431663930383038333834
35633935393431616166663962326261353339323330626432666533666332366235656133303564
37393563386633616334313265653764323632613630393833663265626136366530623730333362
62303732333437646336616164633762383133616630643664326236636662393934356438353465
38666333643663636136346465323631363237613730383461623865313463646634323065306161
31613036656364646436396431626132366539373965633433656662656234313831633565363538
34333265623061323331643233663834633365376538346533313565383961386263326330646331
30393939343830613862653337343433386535616535366137616165616335376138653438356439
34326537333535633538656163626664616266613564346463623935343266616464386438613465
64613433336531326635633338396237633963356536373864626239323231613432613363663733
66316463303130396466333933323963353763616535613565396564383930376663653130653333
33336563313635363339653237396565353762663738616261656534303163336661623034616130
33316134363966613866643539646166306132653366343330663364623834623530363963346331
37366533623164393135616232616562623665316630346337653530636361636261303037353531
65383235613133363132313238333466336634333235396662366439326638396639393939373939
34623264636662623738653839666636393638633737396161373537383364346462386235363562
33656532313633633530653464363530323536616165333139663133643964656530336136656435
37666134323439643631633465613663323465656635633939653537303037396239373861616163
36656464356633656138393238396639643864666639386530626134666465316536393463316631
34316465613262653464373439616466613966633232303837666134396236333730316363633130
33346366623830323561613764326466303566313065306335343030373861623462313134643536
36663063613365396637316332383933663361663730613563363864336466383061656263306563
65623139313538323461303132653562626139393536623438656437363730633430363362353230
63353335616132653739636538663030386439666464653163383633663433333837306364626234
30626632313732616431346535333132343234396536363934336433333535643237383734383362
62643762396164303661313039633236323731393462663432613662383630336361643963373039
31383233373633366134613730636439303738646633313235366639343563343364313763613035
61663964316666346165383265643431666461396432363331336437626437663563383964336634
64333964353463666235303336626565643639373262356362653833323830396136373566393033
33333537376464376461376236623634393930376139313562376437653363636161313237343766
33363264333665663261393831306534383632626633393364363738656434386230386463313064
33323839636465633665386135396337643562323866313832356435623332666533613031396666
34613564653132343165626638303034373565313436393162303633636164613439363063646566
38323163626465306437333338333164316366323639376230656561653665653831653036353461
65653136653961663862366364363038616537373134363132643864636366316662386166643162
35333239353632393538313166313762623633363365376539626338643736323334343131383938
33373639316662623761393832623935623665353231656637633961376330343632643864643535
30623232363165353036666163396161383166653866356266343434383833313838363439353132
37373362656363333466646666643163313235396634313064353638306136313737333233303964
36623864653430336331613062643161363063643936653763306465663133333862356137353135
65633434356636343937333639373430626334326362646266386430623933316665623132633238
31316234353065663039336632636562653466386231363564666666633131353234373863333463
62323061316566323566333462303765303534626530323665356466306665383036626138613262
39616362363637333934636264323431393830663437633139643537633364323132613864343562
38376465336534316661366339303333636164613732383430613164646530333634623932616663
37373437363233666464616335303137643439663365346666396139356562373464316363373836
36616138326565373134623432393062623036333230373636643931353332643730386130323436
64303963646231346564306632626266316130386135616232643861656332356466663538643231
63656535653563356263616235323661613562363734333262366534323339396437633337613265
34393931343462656565366165643264366332616236386232613737353237396466306462343030
32396235336466383438316664333736646161313462613262636239653961346234623730623362
34313965613562613465643531333236313435616233383664336433356638333161613938646232
61626266323531343537386661623264313334363931643233356332653461623231346233643630
33343664666666626662373834633563636662353837356165323134653731346139376337383961
34326263346464623233653239613837363466363263633539613435383131616666633061353033
35313737386233326134366363396263306666356437353937383932366531636238393838336166
38353764363165373966303763623337323335376461326365616530616331336535343136343439
30366664313036396662376130333962623765366461353034373264353539633334396133383936
64633034613931616330666562353762613635343134323665333766643664623362633131626565
34383139666531376430386438373462616533616563396166343262373531663632393830363262
37663062623763336136363963623064343061646631643464666330323437346630633663623865
61613536353734366630323031633634393934376438393730643862356465323630613637636462
35636131393361343835323261323230356630306530613662636236386366656365636436346162
32613331653835306164393338646239343062643134363236366334613638663463313636333963
39326538306665613262386637313830623534343132626562333365646334363265396432313839
30333362376334626131363562363864633538343038376637616662633065313634616261393539
30363665346565373361626164663838306139666361616562643533303265333439646364313064
34313539663362663862303032396438363866386538633632323263336530376361313130383839
66613761393630393633366531626335366464353736636565383235323062626634396230386362
32613534356366303466376566316633326636393635613065366539326462666133353534623464
33323463663266626137313431633631383962346430653538396133313131353465343932306132
62376362633031386561376364613065653731613764326464623533306430663764343363323231
64626466643565313135633339613739613736313964333261393261303361336637626264323339
30643062333932653334623130396332326435353561353139633830356166623262366363643038
66333836653934313134653635373335316639313666313632306631616433326665626536653239
61616262353561323636666564383336376430313864643537323430373035653266643462656339
30313332376631313962333366643965373565346266373738343262333564663337363364653435
37363139663638663831643833363536353665386466373534303233373238313932316439656266
32346661393263333339356236396364323962616333376631383164313831353136366639376636
64376337356131633966393132653836323730346637343064363862666637633639666137303138
64356164306261666339383961383932616639653462663563613234333664353933393066393931
33313832333532616664323735633531626236376264623861303061346363393335383538343161
38333732383632646632663532303166653932653961633436393438616239306132656133343735
30386664656562363738633439376465616432616138656236653864663038663962386162366339
31653231326337333233343930636562643332333865393665396435653637343262643765663966
34336636376161376336626533303563373038363565663833636463313737333133343533376538
37383166373264633362353037323766663834313833376637363566653239336664663033643439
39333031613734376161393762633466623730633832386263396261613637333262396661353235
61343737323265336530383734373933633433633631636437363735363735316639336163306332
66646338313139363830663238643032326538663766353932383532646263383534343162346562
38396439373639373131333966396265353434633538303061336364353863663962343566373730
65383733356531653138316530356333633531366130613862383333616433336266346163616265
62646135356236323964643930663431363765313130396165333265653439636639313131306465
33643231323830326465656634323665653832326638376338356361373531356164353366656530
63353162646139613363363164376338393036356364336466303661636438626463646338373461
32303637636264333535636234306664656364316263346637383163643931323830333735333039
61363830376336376633653539363638396532643335643661643766373335346435623537613662
65346238386266666630656432623134383430653664353261363332326266633537643439353732
32303762346634313561613530333562623931323331313738613031646661353737353532636339
65343939393235636435633233313365366266366164343337396562616263393633626564653831
32396237343634303562373035653661356531316337363936373430663433616433363962663161
37303061326264646239336565666566366362376365663564633635636239353938656161663331
65353038663431386230373961613565333535623134646364323664393030333634626463383566
33346235326335353036666230633964663738636666643730333462326138633464626637653630
34633765316364653030346330623139663239653838623362343965333866633639326435396634
33346637393462343832303739623031373736303335323963376535306536626566316234383539
61393466393132366637333665313965653330666362643961393862643035396633303934636566
64626239303161303366326330323638663664626465396264353036333062343835333230373065
35323136383139313864636136616366366136343338326335386562643165623437653066653534
30333861353730643639633134316162316533326264623364643336626132653863393830383538
30653434643130363939376133343335636661323033313430633166346136666136303539343562
36616536343462626463346432333464633165386338363134626163393038616132653930633835
62373663633535353436313833613264306638383832376532656630656236313465613263323932
37373736356461646237633236653534623864366438393837633762646135643430306434626536
65323564326434636464643565386363326339303866396664363239623135393135396436636133
32313364366339646665366662393162653063633361313236363563633066623533626236633263
38306266613438343263643137626266316339633539653131313865383365653339633835393638
38633165633431306138336638303862643266316166643734333738393133356662393265633365
32366262613931353333643131623531633162643439653663666334383566363033626530343934
35643838613236366131306138613134373732306536366636663165343132356462633038646664
33373663633832656437386462306132613537643138313637323330376632393630616431623439
36383764383339656166636430646266663465383238626361616565373362396664643635336438
61616332326464366561626130353331633833653363386134306265633666656461373565373539
66303132653336363238363861653534656266326463633538346664646534646365653335626632
66643939653964356664386333336462313166636263353762393035383936626336646461643135
36373534323863653335303761383732363765616331343438663433316231376335343936373133
38346337643361613134326564346462346165623061333235633431326564626664666662323065
65616432313333326166616562353566626163306434356533643331323661386364336439346133
61356333396539653562393237633932393630393031336631383236626632306330393830353232
63376565313966346631313733346661333333663332633835343837333731363939366234376638
33376330363539316335616538653037323664333134376662623961383566333364313664663733
32633238326161643238386639376330333263333539343132306663316530636538396130636637
66616264636463313131626266396437313533326639373537383964313939653238643035633065
34623062623335616666623736393634643639333664326638663733303762323961616231666135
66316466366566386163393434396236666461623830343661643364353033653634633164613466
33636264663564363937363964336136353637373233323365393761626261633364646265626530
35636436323733666139383534633336306637353063356238626362386162386533333662623539
63633134353633343866323366663966343962656335366438353631653035313566636663613563
33303038623930383434316164656136343566306664366634376164653435393032363833656166
64353336346263373433636362393063343065343034356233613232343131373161633466323635
39663565363866613964313439616239393438626339313535636536636237626262353232643261
33303337633433666361383534646535393064393138373364393262323333376163306466336232
38666534333536633630373632386532316530313839663231343962613665386663323436313432
37653265316632613432333139386235396139366536633665333933376437643138666664393839
33646330323833653932643739313933306633616464306531366666356132373333356231343162
62366638376663616666363532353661633333643661336464313565653132383130343638653036
64333765383063373137643838643539313762366334616335643231666431313264653538353133
35643164353532383233346434356436356433363433613537663837333537366536376439643263
65353730343331383534353636373561333937353538313935623066303933633132386535666239
62316337376537356133613261353061383666363765366130656563313531306666643961366632
66646563303163306531613865363164383463346336643961343233333764363430646462623961
30353935386137613036653134656664666236613734363637306332306364646232386265666164
34326162333031646130613234626361623638633966353962316639346235616632383663626262
34353038363338663236346331633961613834373662346237636465616539663961316665393763
66623465303234303837323566656365663338333162333338356137373231646538343930323131
65363034613038373261663137626236353630646237636466333763333362353336383066363432
37636664346234373136663362346165376633323634333633313739643933356234363064333865
36373662353762343734633939643038383965363361336332373735653933353432393930373138
63653735363563353839626234633830336332366664326664353137343233643636393832356561
62306261343030353137646434326633356463343836396361336663333166323036313765643561
36363935646634313833376163646665363561396364326433333537653136306639333364383162
36666332353930393466373863623331326163373931356137633234613565356530393133383037
32396661653737316564363266623838316130666633313461393661323334343062613663333065
37363763343264306666646539356133393463653366363935316261636134613638666132626164
66303335366634396564393963363161346566306530376535383762383737633732313138633064
64383264336230356437656230366265613064613335373839313837333063646631656336346333
31656437653462306235363265653635363064616333643663363739636433636531336566313636
36646436353065343232666230396432613763623834383534306136333635383334353465623630
61346232633361366365616335613832393432643961653434346136646233653234343966373338
62313461393932636166303661313230636139653461633066616530663835623430613538346339
63343031303865336636333964636433393961636162363330663931343137386532393437346537
32323863623632623139303131353631366431333839626562633366333964633730336366356630
66626232653966366334666431353330313361623238393938656332643562366139373136656236
34333737316461636537336333366638336161323862383231636337623331343831356137633263
38663833386235333262613462346239386561346163333932316332663861373938306362643036
36343933373066313961343664653631346134336431393365356438346532333438343734353139
63333033303038656561633931653962393865343963663063653530316531333562376436623266
34363934316536313736316634646165643236633265353435663662626164303930666665646234
66303330613039653664376262646332346333636539326532633866346133346133363535373030
65356434306133356463613530383264616637386265303261323832303032303232383830383836
32643530326434336262376637643130626431323232303631366536613739643931626338393331
33393433373436396662663034316632623764386362373165626661616663356439373935326661
37646433643935346139633633353161666366346633353530333234343235323030323665633636
37363564376334336636663533316536376334653330323932633862383562323562376163373330
65366135396436343339333161373266303331316135666365383365356434363532633262326265
34363535393339376634663765663137386464376238656137613530353736363765376366393165
33633833393031323566663162656430346231323637343366623866656363363862313539373461
64396436376665383236333830616630383933666334313035656531353239316631373230306139
31373432646563626436616462303132393530326431326162633763333839333662316464313361
32396537393362633963623666323832306634643138636637643539353230643938326534646239
63363031343531616334313166316638653936303639343565343339636562663132666136646236
38653936633865663934386266383730373730653539623737633530643933663632323261366238
61343139623233663138646236306563336561353832626664316639326663656264343934623762
63643766336165666635353337393230386136323132383461633439373431393664343163666539
65303064356264356339663935663539633337323966613431343937613966393732323363333134
61346562313236656463626533356365356635666530323532656639643337396330383237303639
62326630313265323263313839353061363032386135353430396164393362656462653762336263
37326637356134646364386533346235353239643532306237303636313030303461626234303631
64626539383262353236313938346333356336383761393665376431383761666665373364353234
61656564386639316364616161383633353334353866343231653233333137323263316135366239
31346532396130386364616261313631313164613461363232373466323361306466656362623630
39373763663162303033393464393936613565613731376164626133316436663665303463636334
37363130663462326230636536326139336162633061366661663761343639646465653036323961
34346133633561386163316264663333316433356263663736663965373562666533636563346430
61656662336266626436643935613062663533376162313162393361353232323530623934626630
31386165373466313537623337326136363265613662396563646236343164626632323763393464
31633831383030646338623733663335353862376466623930623336303838613831336235336531
65633838313066653437376335643831616563343733396161303264366537316664653132353536
66633933396339616238366537623636313536613237336337303539366335363738646134336230
61316335653665663031316136366636613336663932376165316239633362613138343165313664
37366665326531623238666232363734363431323066653830383763306535386239633334656232
37396131303362356438396633303536666630306263336635346139316639343438623533666365
33613961666439646537643237346631383030323065636538616637613564303561333264626536
62656563326436383162363332373862646566666365383565333261613166646138666663343835
65623537393035386237336534373234616465343930663262646132613936376262623634373066
66383831643565306465633732353735353032666130326433313434316335636638663732656236
32383638303664303561346432623366386235373032353337313634666531363833366436653538
35633834366136313131363535323130313139326164396563383235343239633365653862336163
64323963623430386365366165396236633936346563663034336639663261623861643735656663
62326633666663373432343761613061333564303631383839613537306561393761303863336265
30643566346335366466666263396365333533646463383532396363356164313061666665336435
65356266633466326161306562643265346166653237353337633866343163636434336166653538
64663366663162396439643638303233646363383564343263363434343531346265336665626366
36666634643832663239313763343964663430636666623966353234366333396135313562646438
64323436616434373539306439626166396362356265393363333462643936386564306630393835
35643832333662666333366432626138386234653064616337363633306337323432386330393131
38333766646439383562336162386436386262656564313130653036653236323732323730383366
32393766393161323933633236666237663839653231323838396435353865386331666564643562
34656139306235623563636135633161646138623434616331303131666265323664656364366637
64613262626334643037643037333430663933343035343730386139333038386435666663643130
30326463666664633530653163616631306133653563616435316666363930663137326662613835
31373063643633346362386563643638313961646432626433633066323462383133363965336264
64356138636332613733616335323163313939313936663036646636336261646530663262666131
64326532336237333137383037313861356338646532303362313534663362616236346339326362
37646464643761336630386134303766363233373462653239353539633066653533303366316161
34396439646532613661383363393864653030623537313931663937623464376462353632653536
35333235336132323133343130313361653333643734646534646234646130353437303934663939
64393834663935393964333733393265386634316463303331363761376237623535343335656265
63376332653439626638653131633766656435363361363762303839626138313632303862633433
62633366306466396536343764636432613838323063353231663963653730303866333533353831
38396266303962616137623435336431303538653231623664646439623662663839303734336631
38383162333838356263656530323061353538323437376564373734373336366438623938373231
33666166653465343237646337333765646166303164376439366231376133383962316634353037
39636536323964353662663763313564613462613832393437333733613237333866363261373266
64663933383034633431353936386330613133393564326530363332373531366465616438616137
62646666363435393962656665336635343036623535663764333966623734663535316538633262
37316361306231646362393331633634616364646138626432653164346133333664623534333730
33383864376362393232333536346233313036353161616537386630336262643332636464303462
65663463643034346131663465313563643038333334663862316335323066383765643535623535
33613363643134313239306462346131313830663032623339346438643537313861336461383033
63356130626232653966313139373464346161353934393235363963326639633232353435346631
30396130353233356334386339316437333065376166396534363164346236653239626565653630
31376235336364663935616634306238333130393230613637303861633763636136646437653837
30316637376532363138633766363134353630623939353932636131643138383437663336353030
62383235636531643365643037343335386239323235643166363839643161656538353133653136
32333433363638636434363235313865353463353533323831333661653566663733396539653663
61386338636662656233613534613435306464333630333961313432386362366463306265386332
33353731353162663839363862353465616533313266333535656635653533663161623231623263
33663937303464383661653034333032366161646466326262376232663361643436333630613363
66333065313834636436643732626233306332633966646232356266363237643331306430323535
31633536366563326533323266636339316137623838383130313936306236316533646334333330
65666434646639326237653730356131366430353163373630373765303836336132646336623265
32666163636138616461333536363566383664323830623137643161343462343131303334363134
34623935613939363961623935303330316334613138383639373239366430623164363963633631
63646435303630666639313034666338353332316666656538666365333935323962316265356661
61326364613733383664376636613633633539623863626335363265623863393232323861376631
32383634643831366433343566323537376665316238636335626432653166636438323834346231
34333535326332653461653034333564393564383639366664656563343133363762653033666130
34303563326634623937666266633838396531363936303561306134326163646239616263346139
38633234613439323264393932386661356233613939326134323036353530646631336462643435
39386337313061356262386533653361363530633434376663326636313634653232653562343834
39366630303465393039626336623132613638306633653137323731333339353632633562306661
66626635353332316236633036383938626564313164366264623239353931393963386231626531
65343065303664336437393135643835653561633761353964623366303338313561633334613138
30343731343261386161346638373838353332313335653132363935356433653764343736643962
31633062643030636330643331663332396662353364666132633534353265656632656261323965
31663266633436333762343734383535333534326131666634636339643237356564646665313761
66393531383837346235653832353166303639313764306332373133333362383537326431333834
31343732303439646666376464356431383537393636336463393731393863393637313030633038
39353431303236373234633361316564303035313939643936333066663235343963346233653764
36666239643034353361653966316161383237633630333832376531376562323138343035373737
65613835313939633764333234626561636662383439343333373638316239623236666336376635
62616364666237633863376634346633306561323436373138613566663464613462613362613638
30363231616339633931376462363363353431306133626639363166643338393033353934653232
39336230613735353664306161316537303765323361373661333633353066306131303232326466
65666461396261326465366438623062623363656437373939613764346463653331646330653863
61653333626235346339386136316537643963306661666332303863386639656539653531336538
31363438396630343139616466336533343133333965366537663538353533333762343734353262
61343330353335323434663738636130653038636137633231666530373834343139323930356539
38333364356539326539656434663333323938383130373731353631623637316130616135613137
64363363663736393137316633303937303466353136613536613233666164623431383161383137
31613363633465353565643133393965636461303066303438356266333531376664386338336364
35353638386334316363663437303033356562343331616431666335316634646237376531633133
30666232613133366538323534333533636666323465383037613737393430663565666261386463
61613562623732643338376464373138336262393066613635616536623565353034356232636263
65623966343937333833393363303831373730343634343666386162663534326238366639643639
33366239626363346538666135323832343665666366666339383461646539386231613661313338
31363739393332666438623062616535626130306239323538653263343137303032313166363437
37383661363039333633643630633662363561646364643039376563363434313538326534663061
39326633333033303366326539616463653766323831643032626134396633633138613864306230
37643230386130343530623564646463623166316362343965333363633230393335613035666237
37303238316563376237326337373536326239333532363036613561323462396265323933643431
63373563303663313039643835323631383933663261616137323961333464663361306531363761
64656637653966343264363530666465663263633232356536353234656237373232323261353637
35353363386665383163313231366337656265393561353431613262373733303233373631636336
35396139313562313237656135373134656634333265333131373238653136646262343738356664
37363936323532613334336366363033353739363464663738363135336162313866326139326138
63646330353833373232356362353531356136376638313232333035346164656263363666663132
39386164313564373863663838323938633036383666303263636338663731663838663561393532
37323763613039313537666234306530373938343565343262333231626563623263303865313431
34366338333335633333333564346135336339363332313635643133313864366661323931383033
34313661393138343935666463626662623363313436613063643262666131313030663135393633
35343231313265623365636664303362373237333530346233646637633034653964663562353663
30616461333366326135313164643830323034393565303865643135393532393135373434346235
36363364383765356530613262343037396263643933363034666132643263373263303839643939
39656161666364363034653131366461336531616338616364633938306661623164376635633130
33383365346261653638656137333765396434326466303939643836393035383164613162343932
33616230393539366430363239336439643939653462366631336366363333343261346639646532
31383733376332353365616566306437343333623630613835363766326438353131613235646265
38353535366565326261333364323338396238336634376661333764633464653862343861613562
33373834623163363637653335313632653839336337393464323631636638306636363661666539
37343862313761626439343362313634343838616431636433626663393166646632643737346262
31396364353437343434333761353737613735343864613064386536366532313735623166316266
31373161646161666130616463663238623330613235323439336361393939633938363763653239
66386166393463666139393836633838393963666537626438623764366662303963303131393635
32663064643864346564373861623461373939313233346464396438613837656264303838646633
64343234313532323738386239316237306363343032643432373661626565666264363130636435
37346362303234353831663333616435363562663861306134396161343137643631323863383933
61346264666533653962343932343436346265623637316230356531643561353932663932363833
33323033636365656536393136366561366564363666643565353932663339383634663965336635
62626335616133326364656264643238396637656664626438313433366331373336616438613239
38336435646438343331643365373937666339663433326261646462343939313063623263363261
32323032396133613335393639626464653131376663376336303335663231303635616433653138
34333561663634396633653265383239623832666362666633663465656463346163336234303362
39313163616434383465626232376134623761393931636337646436346433636239333134303733
62323436366439663738663763303962643236376565613764383832666139333566636331383538
35346136646631383430386638373937346364653261323332663361386430666637663237346235
34626437616562333639663238353536333233343164633063336435323531666535313731333934
32616237616136613936393564323737633436626433356637396664343932613930636366356230
31636330626533633935633866346539663338616261633361633363636639386639613064366262
63656563356638643936386462313165303365643766626434316237366533383462393035303933
39326533623136623138633266333639626232396538646364323333393433666663386439376461
33643664386333643634373161313732663633666366336232396561386334653236383463346361
61333033666333323432303238313432643861646234663832356261636465343430336439393163
34326262346139333034316636303664303262643835613034656465396437383731343866373639
39613763656333336438346439343230373365313263343032393365333931313930353637323334
65336536313963323037346162653633666437373862353663323261643837656666356432303338
30386166303539646162666333613639343264666432306630393233633761623161356632373535
62633562623530376632326133616139313166343033646263376235356633346634336534343932
36643333303234353539343866353335346562626630353230363136393763353731616361643133
65613763393635373765383837396366613138376439613331353930663262323631303336646365
62623139333032623336363762633235356431393539363733316361333132323839383837643338
62646361373531313238383239356234656335323965396138343262383939323761666461303463
63623362616434393362616363386535616236333632313565303638373939343831393832623665
36663865383337316265656662623430333231316339303064613861306561333836363033663031
66313039666135386262633330326431343033366333323862323038356334623762
